2.295963207581900463e+02,2.465148426512882622e+02,2.632398049077283986e+02,2.747517573972253331e+02,2.826869867658188582e+02,2.887571738494404485e+02,2.938611269605692087e+02,2.969984837288790231e+02,2.978752273628444982e+02,2.983404132235758084e+02,2.981188821588409041e+02,2.941606497670370572e+02,2.877673059957499504e+02,2.805804444741320935e+02,2.740795255526717256e+02,2.677994024097670263e+02,2.610294756151113233e+02,2.571659439124427422e+02
2.295963211317795185e+02,2.465148430239891013e+02,2.632398052790233010e+02,2.747517577765668761e+02,2.826869871349691152e+02,2.887571741940278116e+02,2.938611272809112620e+02,2.969984840073766463e+02,2.978752276144899724e+02,2.983404134607048377e+02,2.981188824053258486e+02,2.941606500601907328e+02,2.877673063343564195e+02,2.805804448452859674e+02,2.740795259674201247e+02,2.677994028575031962e+02,2.610294760823010165e+02,2.571659444072710130e+02
2.295963210269993340e+02,2.465148429410721747e+02,2.632398052214941231e+02,2.747517577601377639e+02,2.826869871457623731e+02,2.887571742229632719e+02,2.938611273139871969e+02,2.969984840117938347e+02,2.978752275964972114e+02,2.983404134300780015e+02,2.981188823828596242e+02,2.941606500727109506e+02,2.877673063612582496e+02,2.805804448475699360e+02,2.740795259758025395e+02,2.677994028705612664e+02,2.610294760902362441e+02,2.571659444320703187e+02
2.288107632406195933e+02,2.457713282758774085e+02,2.625448400068022465e+02,2.741265984296244937e+02,2.821310219875641678e+02,2.882746000931678623e+02,2.934220394736689741e+02,2.965600231539717129e+02,2.974289033100757251e+02,2.978887394938596458e+02,2.976706352666417956e+02,2.937177180994756327e+02,2.872881648322574506e+02,2.800017461259771494e+02,2.734516716330701911e+02,2.671362116193070051e+02,2.603307488157553280e+02,2.564645902295514475e+02
2.303439187767993985e+02,2.472372384039995836e+02,2.639314347912788890e+02,2.754126283288769628e+02,2.833005125293129254e+02,2.893194222257753836e+02,2.943827949651423523e+02,2.974810258676856733e+02,2.983363956315429846e+02,2.987905161946611088e+02,2.985763881045806443e+02,2.946613483367094091e+02,2.883318105461867162e+02,2.812294460385770662e+02,2.747985233914669152e+02,2.685713079712310787e+02,2.618410126852664348e+02,2.580074128371535380e+02
2.296664325751279705e+02,2.465900526450426185e+02,2.633203414711825872e+02,2.748469199657537274e+02,2.827873486863306312e+02,2.888563472108065753e+02,2.939543682197688099e+02,2.970692328712455605e+02,2.979302343718586599e+02,2.983867236924242548e+02,2.981707746391396086e+02,2.942385435156238032e+02,2.878636049066141140e+02,2.806775951280622508e+02,2.741924453050771149e+02,2.679250785667849186e+02,2.611607264371145334e+02,2.573123297866922030e+02
2.294973650063716946e+02,2.464283320731720437e+02,2.631672245978484739e+02,2.747047521176164082e+02,2.826578549367880555e+02,2.887415987707215663e+02,2.938493947816999139e+02,2.969688368010601494e+02,2.978313997152589536e+02,2.982885529683189247e+02,2.980721767411633323e+02,2.941358502628214069e+02,2.877501118073279827e+02,2.805442546957659147e+02,2.740462459406736571e+02,2.677693350815848703e+02,2.609968136069119851e+02,2.571448739212040664e+02
2.295474351670980866e+02,2.464762313635158932e+02,2.632125825364125831e+02,2.747468726351387431e+02,2.826962259625249771e+02,2.887756052737555024e+02,2.938805086086973688e+02,2.969985968275836399e+02,2.978606982220716191e+02,2.983176553277057792e+02,2.981014053479710810e+02,2.941662901456118107e+02,2.877837482130284457e+02,2.805837671318615776e+02,2.740895630426654748e+02,2.678154742871597023e+02,2.610453675311335928e+02,2.571944736004603556e+02
2.295474272436446199e+02,2.464762250152823526e+02,2.632125782629598234e+02,2.747468702094457740e+02,2.826962253021458196e+02,2.887756061876668241e+02,2.938805107633498892e+02,2.969985998667955869e+02,2.978607016823582399e+02,2.983176590042213547e+02,2.981014088998466036e+02,2.941662929077700142e+02,2.877837498367842954e+02,2.805837672768332141e+02,2.740895617050918531e+02,2.678154714276153641e+02,2.610453632091289364e+02,2.571944681905471271e+02
2.295473847474184765e+02,2.464761896340787928e+02,2.632125521987592833e+02,2.747468526096393475e+02,2.826962159014743747e+02,2.887756042737369739e+02,2.938805146561695665e+02,2.969986077780459368e+02,2.978607114751568474e+02,2.983176697562306003e+02,2.981014190966843103e+02,2.941662995165857524e+02,2.877837510249240722e+02,2.805837611281950785e+02,2.740895485583736786e+02,2.678154512823177242e+02,2.610453363897502186e+02,2.571944365349488066e+02
2.295322045011775458e+02,2.464635448841995924e+02,2.632032274342893743e+02,2.747405449538305788e+02,2.826928315039154427e+02,2.887748901541443161e+02,2.938818711164259412e+02,2.970013966524343232e+02,2.978641709519279743e+02,2.983214710877128368e+02,2.981050225600307044e+02,2.941686239823686151e+02,2.877841422476280400e+02,2.805815343895481533e+02,2.740848263998861967e+02,2.678082343957698868e+02,2.610357407272007322e+02,2.571831176421218288e+02
2.295975685501685177e+02,2.465260934672885469e+02,2.632624956712752464e+02,2.747956022270505514e+02,2.827429963985693462e+02,2.888193534996162839e+02,2.939225447822688011e+02,2.970403081382599453e+02,2.979024871869788171e+02,2.983595366090120251e+02,2.981432501797280565e+02,2.942084293540892190e+02,2.878281672731037588e+02,2.806333076305251666e+02,2.741416185766987041e+02,2.678687318244549260e+02,2.610993984287372882e+02,2.572481174351865434e+02
2.295320798475225388e+02,2.464634485338099523e+02,2.632031805585716029e+02,2.747405263997797533e+02,2.826928288872808253e+02,2.887748975584585196e+02,2.938818749210242345e+02,2.970014111540901354e+02,2.978641949331056935e+02,2.983215014770249809e+02,2.981050495993711706e+02,2.941686425237285221e+02,2.877841973258726966e+02,2.805816498621502433e+02,2.740849807224439019e+02,2.678083983612958718e+02,2.610359021365890726e+02,2.571832499804214649e+02
2.295320780047917992e+02,2.464634467887205176e+02,2.632031789397157127e+02,2.747405249161531628e+02,2.826928275477486068e+02,2.887748963799963349e+02,2.938818738421989565e+02,2.970014101309539569e+02,2.978641939332018751e+02,2.983215004887224495e+02,2.981050486041705767e+02,2.941686414795061069e+02,2.877841961951281178e+02,2.805816485680144297e+02,2.740849793218403647e+02,2.678083968675630331e+02,2.610359005552473945e+02,2.571832483407559948e+02
2.295320778695605952e+02,2.464634466770611709e+02,2.632031788675799930e+02,2.747405248687921926e+02,2.826928275165578839e+02,2.887748963609802217e+02,2.938818738241224082e+02,2.970014101223636089e+02,2.978641939320895062e+02,2.983215004925149856e+02,2.981050486053748614e+02,2.941686414730292540e+02,2.877841962111994576e+02,2.805816486211584788e+02,2.740849793983430231e+02,2.678083969472438071e+02,2.610359006297239262e+02,2.571832483926008877e+02
2.295193126058058510e+02,2.464528997896921680e+02,2.631963504407853520e+02,2.747360288474491767e+02,2.826898554669385248e+02,2.887730733185714485e+02,2.938801424103206728e+02,2.970005720290882323e+02,2.978640595488425902e+02,2.983218276850540178e+02,2.981051322169041100e+02,2.941680015220429141e+02,2.877856704544878994e+02,2.805865986372890575e+02,2.740921195656704299e+02,2.678158325717769230e+02,2.610428443937735778e+02,2.571880631699851847e+02
2.298359140183623026e+02,2.467556832599393317e+02,2.634829459212988922e+02,2.750020840066117671e+02,2.829321345398996641e+02,2.889877085921602884e+02,2.940764346250476819e+02,2.971882238413590471e+02,2.980487439486179824e+02,2.985052450088702471e+02,2.982893641448554263e+02,2.943599757969596453e+02,2.879979266038094465e+02,2.808360368803644747e+02,2.743657168993948403e+02,2.681073878513313957e+02,2.613497719507478223e+02,2.575017024832151264e+02
2.295193759749516573e+02,2.464529444049135236e+02,2.631963743596835457e+02,2.747360592003374222e+02,2.826898746740529305e+02,2.887730773287946704e+02,2.938801205820898304e+02,2.970004944805083369e+02,2.978639454684427506e+02,2.983216936875539318e+02,2.981050108239946894e+02,2.941679422494891014e+02,2.877856673668807730e+02,2.805866185571141500e+02,2.740921990847146503e+02,2.678159623033591288e+02,2.610430082510315515e+02,2.571882729656131232e+02
2.295194837576973725e+02,2.464530475280265591e+02,2.631964720307832977e+02,2.747361499215651861e+02,2.826899573381636515e+02,2.887731506071298782e+02,2.938801876412480283e+02,2.970005586243582911e+02,2.978640086165718230e+02,2.983217564120855627e+02,2.981050738212983902e+02,2.941680078574303820e+02,2.877857398521783239e+02,2.805867036793806619e+02,2.740922923914298508e+02,2.678160616783061982e+02,2.610431128152701490e+02,2.571883797777690575e+02
2.295194836018601166e+02,2.464530473987267669e+02,2.631964719367937846e+02,2.747361498643124946e+02,2.826899573133442232e+02,2.887731506107844552e+02,2.938801876648126381e+02,2.970005586547154621e+02,2.978640086481649973e+02,2.983217564440539604e+02,2.981050738532443347e+02,2.941680078855584384e+02,2.877857398670847147e+02,2.805867036669718004e+02,2.740922923596480700e+02,2.678160616256957951e+02,2.610431127404233962e+02,2.571883796910154842e+02
