-5.508838078923079706e+01,-3.864627305205169705e+01,-2.243483435367892298e+01,-1.132261001024892266e+01,-3.700273318610186379e+00,2.207945296129651069e+00,7.210877007144176787e+00,1.034631670725332242e+01,1.124335573303955016e+01,1.172191580286681756e+01,1.149361247908393580e+01,7.541837255460677625e+00,1.313152502709101555e+00,-5.500381950176972623e+00,-1.172498497701394626e+01,-1.775117641547956282e+01,-2.424598918873834918e+01,-2.800410435702514178e+01
-5.508819916160587127e+01,-3.864613351478902814e+01,-2.243474281749450938e+01,-1.132255684734468559e+01,-3.700253176689670909e+00,2.207939362091508428e+00,7.210850142021968168e+00,1.034627783660261002e+01,1.124331200324934343e+01,1.172186973112889063e+01,1.149356769527599909e+01,7.541802640498644905e+00,1.313138884094030345e+00,-5.500364998456745980e+00,-1.172493951442146454e+01,-1.775110237469726826e+01,-2.424588598316023536e+01,-2.800398308394051128e+01
-5.495927658602141719e+01,-3.854707939609590994e+01,-2.236975621259500713e+01,-1.128481349808981804e+01,-3.685958735198823888e+00,2.203718627256819218e+00,7.191767652103351338e+00,1.031867176225142657e+01,1.121225650669248353e+01,1.168915187846994286e+01,1.146176439604431607e+01,7.517221276561997456e+00,1.303472802225485339e+00,-5.488308152282911578e+00,-1.169263094332279707e+01,-1.769849943777194312e+01,-2.417257497684801137e+01,-2.791784403268223969e+01
-5.391909047667707000e+01,-3.775194717347056894e+01,-2.185317880795145129e+01,-1.098205389563366907e+01,-3.558404434510407555e+00,2.185480111582307927e+00,7.055395103310729610e+00,1.011383552925195772e+01,1.097921670009458239e+01,1.144236655390250235e+01,1.122189204173031385e+01,7.330751716345446312e+00,1.221717856012105585e+00,-5.430214509934046418e+00,-1.148734085932244398e+01,-1.733617310444645909e+01,-2.364570823407643729e+01,-2.728537616731489379e+01
-5.155170421024422467e+01,-3.590979810724735444e+01,-2.061864345177781388e+01,-1.026133560025147062e+01,-3.307008888905158983e+00,2.084094128266087864e+00,6.674976053059822334e+00,9.576407312626031398e+00,1.037955974180124485e+01,1.081300673748717145e+01,1.060943285694952465e+01,6.855066681951370811e+00,1.038138761392076503e+00,-5.172458693278258579e+00,-1.080952987658048414e+01,-1.626511997238856111e+01,-2.218737061911417641e+01,-2.559601280568330139e+01
-4.939895128639199129e+01,-3.416542572824903345e+01,-1.938155917963558750e+01,-9.548136098737074917e+00,-3.118079394311678243e+00,1.933174585186350214e+00,6.266182391752806780e+00,9.031015837707684568e+00,9.783610323215668814e+00,1.019340421330008439e+01,1.000382403451425262e+01,6.372029008871095357e+00,8.378166891865816979e-01,-4.920170348205260780e+00,-1.002203471169713112e+01,-1.504439498851417056e+01,-2.059327433085150005e+01,-2.381126602910262591e+01
-4.756257507137326002e+01,-3.270278805142277179e+01,-1.843632944861576561e+01,-9.141153585031020157e+00,-3.014422346408764497e+00,1.838976465086261669e+00,6.009521511877949251e+00,8.688710275647849812e+00,9.410513205567667683e+00,9.805689875254643084e+00,9.623596742211304900e+00,6.061520133418866862e+00,6.861051716020369895e-01,-4.849801173954745082e+00,-9.699557917452182210e+00,-1.433299939202345286e+01,-1.951044937510243926e+01,-2.253933169335061848e+01
-4.759633364556111701e+01,-3.273946735135598374e+01,-1.846249751459112076e+01,-9.142504053534480590e+00,-3.012348523811681389e+00,1.837799660880421015e+00,6.004772952419386911e+00,8.681734815869958766e+00,9.402606932772471282e+00,9.797420389207445623e+00,9.615733346921444991e+00,6.057002035990137756e+00,6.904068875617781487e-01,-4.828717060821134055e+00,-9.665479299780145084e+00,-1.429391145669643493e+01,-1.948582842958984429e+01,-2.251934576903158813e+01
-4.744733523184225987e+01,-3.264140282215333855e+01,-1.840307901880760255e+01,-9.090493651920326101e+00,-2.988830209508478220e+00,1.830180735382327839e+00,5.970669044077112630e+00,8.633824352466888286e+00,9.349676737555341788e+00,9.742322658670730107e+00,9.561943649551324143e+00,6.015714807481742810e+00,6.813426101510344779e-01,-4.785457810446132498e+00,-9.578160226925604093e+00,-1.417388527119169339e+01,-1.935444793232551319e+01,-2.237589072095136089e+01
-4.745249938928321853e+01,-3.264607307293533722e+01,-1.840610508880519092e+01,-9.090641973356412109e+00,-2.988177368382309851e+00,1.830928136125180572e+00,5.971543736037006056e+00,8.634816931592581568e+00,9.350717762952399426e+00,9.743394700511998963e+00,9.562987262637591357e+00,6.016559986458730691e+00,6.818736239343934358e-01,-4.785341962625693668e+00,-9.579129001792011877e+00,-1.417776829423314666e+01,-1.936006742100931888e+01,-2.238217160322977861e+01
-4.895100041408483094e+01,-3.385273763304428485e+01,-1.919839364814959026e+01,-9.445535520829992038e+00,-3.088713113059839088e+00,1.905463379060847728e+00,6.191939702723288974e+00,8.949439775558573729e+00,9.706520661949241457e+00,1.012020547627753331e+01,9.927230208303342351e+00,6.292618859216133842e+00,8.021988399170822959e-01,-4.878539769742815224e+00,-9.924584808130873625e+00,-1.490399807418293676e+01,-2.039135517204238113e+01,-2.358514066153537669e+01
-4.770685740531740748e+01,-3.286396255203663941e+01,-1.856253065613685749e+01,-9.180713646740002787e+00,-3.032057699065376255e+00,1.826648578057756822e+00,5.999359652152804756e+00,8.694533169909163917e+00,9.428614594513419433e+00,9.831277042493979934e+00,9.644642355764460717e+00,6.065992279138242793e+00,7.001004515202566836e-01,-4.799663495782681366e+00,-9.635718219181171662e+00,-1.429738414476491926e+01,-1.953053623019019369e+01,-2.259464813991036181e+01
-4.780321830270275996e+01,-3.294190743550632305e+01,-1.861382172997230100e+01,-9.203355987888699019e+00,-3.038366222139586625e+00,1.831425771940303093e+00,6.013378518934416661e+00,8.714594324132008296e+00,9.451343017220949605e+00,9.855375731117533178e+00,9.667922145282830115e+00,6.083610081772519607e+00,7.079204721121072907e-01,-4.805118455520414500e+00,-9.657112512552487260e+00,-1.434398744837000095e+01,-1.959704605780092379e+01,-2.267232803335417657e+01
-5.107542656280091364e+01,-3.561384073237155690e+01,-2.048688712492923969e+01,-1.024305633025193174e+01,-3.356305847307396562e+00,2.002459686755571511e+00,6.564500135690593652e+00,9.501794141255288650e+00,1.034059665673373729e+01,1.079607041238034526e+01,1.057781378139083017e+01,6.774828464055531185e+00,9.956788306364501295e-01,-5.114213679402439539e+00,-1.068033488453232849e+01,-1.607846156996589571e+01,-2.192752473227665178e+01,-2.534414921641820229e+01
-4.920145444514031396e+01,-3.407680737514129987e+01,-1.938289467106642405e+01,-9.615407495840088359e+00,-3.206750977290198534e+00,1.856031890281030883e+00,6.195931831464747575e+00,9.018049373772214494e+00,9.815685156947665746e+00,1.025210050407287099e+01,1.004518137935275490e+01,6.346322655786138967e+00,8.136934373529243203e-01,-4.895836416188330986e+00,-9.970757713627449448e+00,-1.496689221288079352e+01,-2.048412748084211898e+01,-2.374071374705386006e+01
-4.926847860080772534e+01,-3.413326403557130106e+01,-1.942442324117502039e+01,-9.644790326978295525e+00,-3.223631416124135285e+00,1.851842063651872650e+00,6.201878986873225585e+00,9.034272643356871413e+00,9.837978896856100164e+00,1.027776598988492651e+01,1.006877693186748957e+01,6.359762442840747099e+00,8.179353880966573342e-01,-4.900822081399269337e+00,-9.985923927882424778e+00,-1.499294510515159118e+01,-2.052108984708814887e+01,-2.378955404988505506e+01
-4.929408227376057994e+01,-3.415423921164079957e+01,-1.943893225395578384e+01,-9.653214641271517849e+00,-3.227528635862199735e+00,1.851781630063271677e+00,6.204939076765413120e+00,9.039967780010385923e+00,9.845093644705855240e+00,1.028565245172194409e+01,1.007619534961838781e+01,6.364640918207896902e+00,8.197933756174506925e-01,-4.902523897100024897e+00,-9.991648007522485386e+00,-1.500397598366652119e+01,-2.053679623284335776e+01,-2.380888473499823021e+01
-4.930462469502384693e+01,-3.416311145226563895e+01,-1.944544585981867613e+01,-9.657795519138801410e+00,-3.230147301834392692e+00,1.851143391459800114e+00,6.205884766551434950e+00,9.042512813397820537e+00,9.848583189125633908e+00,1.028966690946197104e+01,1.007988757182073414e+01,6.366752772239749447e+00,8.204635716657548983e-01,-4.903307326984531755e+00,-9.994036688932737889e+00,-1.500809728840539492e+01,-2.054264276933179190e+01,-2.381658781148979642e+01
-4.932456754738745985e+01,-3.417978982514034669e+01,-1.945752790747440031e+01,-9.665968836392607955e+00,-3.234652813504510505e+00,1.850206116832339376e+00,6.207810225675700622e+00,9.047236454667313410e+00,9.854935597305939154e+00,1.029692175535979004e+01,1.008658943767045457e+01,6.370700793829712438e+00,8.217734443148287937e-01,-4.904750868786379669e+00,-9.998537808883611433e+00,-1.501607459138807599e+01,-2.055397097296508946e+01,-2.383126808956961895e+01
-4.948260542195578182e+01,-3.431187116158815797e+01,-1.955306611544449424e+01,-9.730272535280960255e+00,-3.269949038280969944e+00,1.842995924798685792e+00,6.223161059291328456e+00,9.084580352402667813e+00,9.905091863021937115e+00,1.035418522954284981e+01,1.013949753997582093e+01,6.401961655194554623e+00,8.321860886173340077e-01,-4.916175072540852398e+00,-1.003423426652165062e+01,-1.507956155797239717e+01,-2.064412356953118888e+01,-2.394786694394099413e+01
