-5.508838078923079706e+01,-3.864627305205169705e+01,-2.243483435367892298e+01,-1.132261001024892266e+01,-3.700273318610186379e+00,2.207945296129651069e+00,7.210877007144176787e+00,1.034631670725332242e+01,1.124335573303955016e+01,1.172191580286681756e+01,1.149361247908393580e+01,7.541837255460677625e+00,1.313152502709101555e+00,-5.500381950176972623e+00,-1.172498497701394626e+01,-1.775117641547956282e+01,-2.424598918873834918e+01,-2.800410435702514178e+01
-5.508828345038841690e+01,-3.864619969171263847e+01,-2.243478795618864297e+01,-1.132258212986988610e+01,-3.700258483228651585e+00,2.207947423201346737e+00,7.210868589621782121e+00,1.034630198368819265e+01,1.124333828104926170e+01,1.172189698115772671e+01,1.149359419340697741e+01,7.541822776490391789e+00,1.313143970002670358e+00,-5.500386015055823918e+00,-1.172497936486132630e+01,-1.775115795638544114e+01,-2.424595617920033419e+01,-2.800406111931084752e+01
-5.503989152524923156e+01,-3.860971966777748321e+01,-2.241170560406555978e+01,-1.130871747845549180e+01,-3.692904862526802390e+00,2.208975329206054994e+00,7.206649732223809224e+00,1.033894594423611579e+01,1.123462559746053557e+01,1.171250347111066503e+01,1.148446843280402163e+01,7.534600681045333204e+00,1.308909090849851964e+00,-5.502331981087365875e+00,-1.172208026028340555e+01,-1.774185428193413827e+01,-2.422940895246927084e+01,-2.798242850947173110e+01
-5.484202045940932635e+01,-3.845826650933213386e+01,-2.231304816912211209e+01,-1.125103137083061711e+01,-3.669286234954711290e+00,2.204690519128519099e+00,7.179822828388694234e+00,1.029907888609739075e+01,1.118940690228527046e+01,1.166468282134474066e+01,1.143799015158828070e+01,7.498541243847853366e+00,1.293564272677201643e+00,-5.489245817484118106e+00,-1.168019963680757201e+01,-1.766981337733045621e+01,-2.412600097678534894e+01,-2.785908106746757085e+01
-5.232947927746610617e+01,-3.653080999715962207e+01,-2.105316543008444796e+01,-1.051579422457029978e+01,-3.375225955717951365e+00,2.140791660173192668e+00,6.827115248890322619e+00,9.779960964950078051e+00,1.060240571816859756e+01,1.104481050127236585e+01,1.083545998991758097e+01,7.031665369351514983e+00,1.100412567658736407e+00,-5.298853327770018495e+00,-1.111173015416511589e+01,-1.671113047032406485e+01,-2.276431697926153674e+01,-2.624298557803479071e+01
-5.138209739246698859e+01,-3.583822578642207191e+01,-2.064605129778641412e+01,-1.028443611609225172e+01,-3.242369013227516916e+00,2.182111582671552696e+00,6.780015831814239391e+00,9.676545560612112240e+00,1.047359537347409741e+01,1.090295189202470283e+01,1.069782521569055689e+01,6.921425225330722242e+00,1.018264138263987206e+00,-5.411038407063870181e+00,-1.115525074786557980e+01,-1.663177306361274077e+01,-2.253591619199505658e+01,-2.590299626268750899e+01
-5.283947955407472818e+01,-3.708835435496445143e+01,-2.165818142102324373e+01,-1.098982063973011236e+01,-3.579903098386807869e+00,2.300389164495697969e+00,7.181244961889831302e+00,1.021047399224772789e+01,1.105325818947687821e+01,1.150213693506924528e+01,1.128310862880812238e+01,7.378607140794258612e+00,1.141719936495917409e+00,-5.876549029496857202e+00,-1.197792012080554969e+01,-1.770698536444450610e+01,-2.382587432585722809e+01,-2.728619240457538808e+01
-5.134576995287611112e+01,-3.582310193467390036e+01,-2.065331317004563516e+01,-1.030025242026442811e+01,-3.256226334875464090e+00,2.182563310255943634e+00,6.785740091023285459e+00,9.685402775246529927e+00,1.048403681205292060e+01,1.091418998324644463e+01,1.070837322956327853e+01,6.927994137626626525e+00,1.018140207159774491e+00,-5.429582667270608454e+00,-1.117749072899999874e+01,-1.665022847148213714e+01,-2.254662628262457247e+01,-2.590817443757640604e+01
-5.138956677075736934e+01,-3.586022640569984787e+01,-2.068275279941286726e+01,-1.032054716751923706e+01,-3.265966560524589113e+00,2.185460311220197127e+00,6.796687122107243795e+00,9.700238806250411017e+00,1.050026152250677569e+01,1.093102887472338125e+01,1.072482547452034396e+01,6.940973075452404828e+00,1.022459146082496773e+00,-5.441461183493288445e+00,-1.119957907962844956e+01,-1.667983639774945459e+01,-2.258278546299419531e+01,-2.594740941024525682e+01
-5.397871173854011317e+01,-3.850802953229532477e+01,-2.300248913230697667e+01,-1.202575255970072021e+01,-4.192807927213152652e+00,2.257683391289276642e+00,7.741736452502891552e+00,1.104249620148169697e+01,1.196509623641338749e+01,1.244012280476829346e+01,1.219819852542849503e+01,8.044579495310983930e+00,1.117035338684047474e+00,-6.668964188648601521e+00,-1.320478593966703329e+01,-1.922479804934312142e+01,-2.559180993921273739e+01,-2.914201713165988394e+01
-5.256849723223768933e+01,-3.685900494028678054e+01,-2.147018888705173367e+01,-1.086283561167806511e+01,-3.528124659086927295e+00,2.253924770049309245e+00,7.077951917521943415e+00,1.008993260660179203e+01,1.093098423796203633e+01,1.138054758457377602e+01,1.116260332076791428e+01,7.281142960605677672e+00,1.136379557112547900e+00,-5.741460732408825152e+00,-1.176697396408212626e+01,-1.744952842251171887e+01,-2.352979410789669146e+01,-2.698415456887269670e+01
-5.236324344174755652e+01,-3.668490521189178821e+01,-2.133173654514411055e+01,-1.076736081494044583e+01,-3.482477438967066519e+00,2.239541593213232318e+00,7.025598992176810498e+00,1.001974261043534398e+01,1.085462820218634761e+01,1.130152142024138584e+01,1.108526700386653374e+01,7.219669209188907644e+00,1.115947660024119159e+00,-5.684342628728586533e+00,-1.166162627213759606e+01,-1.730908505530203456e+01,-2.335891305848940647e+01,-2.679971375987923921e+01
-5.233135701652273042e+01,-3.665785757717156912e+01,-2.131021496654261682e+01,-1.075251775487487294e+01,-3.475384932558256423e+00,2.237284094282642855e+00,7.017432066547428349e+00,1.000881253145394112e+01,1.084274853418236262e+01,1.128923218985357835e+01,1.107323720041927118e+01,7.210094893366488122e+00,1.112767897925948546e+00,-5.675418217095170803e+00,-1.164518795581710719e+01,-1.728719243830761343e+01,-2.333229244803669644e+01,-2.677100161930837885e+01
-5.230032737280171773e+01,-3.663153503280418022e+01,-2.128925768366480042e+01,-1.073806232176059439e+01,-3.468482817809046992e+00,2.235061359027668004e+00,7.009448089944839921e+00,9.998149763344144958e+00,1.083117159780925931e+01,1.127726286095889918e+01,1.106151669976514995e+01,7.200752804640615068e+00,1.109667447097024251e+00,-5.666679858384611634e+00,-1.162911738703587616e+01,-1.726581385932706780e+01,-2.330631586517745291e+01,-2.674300945015022535e+01
-5.230655553272075053e+01,-3.663681410825915918e+01,-2.129343250983879443e+01,-1.074093899237459482e+01,-3.469868545271651783e+00,2.235448473848066442e+00,7.010968503833794330e+00,1.000023189607946961e+01,1.083346023733349739e+01,1.127964452343121593e+01,1.106384002978580838e+01,7.202572500198641592e+00,1.110275860064064091e+00,-5.668313936270578779e+00,-1.163217999647815759e+01,-1.726994284530150026e+01,-2.331137615156126230e+01,-2.674852135219572347e+01
-5.230590521344370813e+01,-3.663625984569628713e+01,-2.129297360046427912e+01,-1.074062062591116273e+01,-3.469724181999083612e+00,2.235364908143537832e+00,7.010749847121587663e+00,9.999972225002636605e+00,1.083319585527601703e+01,1.127938086291840136e+01,1.106357632163604876e+01,7.202342131797820457e+00,1.110202126963315550e+00,-5.668055937870406069e+00,-1.163174142716741244e+01,-1.726939376202733456e+01,-2.331073602972600156e+01,-2.674786841147118821e+01
-5.230625556393565034e+01,-3.663655421280614632e+01,-2.129318877314443625e+01,-1.074076700229687731e+01,-3.469802400533808395e+00,2.235349910197953704e+00,7.010784003953517640e+00,1.000005274077688000e+01,1.083330221870056675e+01,1.127950129752514385e+01,1.106368827933602006e+01,7.202409631572663784e+00,1.110227890419707819e+00,-5.668072556165782316e+00,-1.163181089496538334e+01,-1.726952344030064523e+01,-2.331092308168666705e+01,-2.674811007271949848e+01
-5.230703241176536267e+01,-3.663720747449650617e+01,-2.129366998268528732e+01,-1.074109480079317791e+01,-3.469975801037435303e+00,2.235324232393509192e+00,7.010870427769646085e+00,1.000023899953208684e+01,1.083354289797512138e+01,1.127977137299501464e+01,1.106394061806213358e+01,7.202566631097511163e+00,1.110286694250191886e+00,-5.668125179194873908e+00,-1.163198659109468736e+01,-1.726983274418762448e+01,-2.331135866616006069e+01,-2.674866073997708327e+01
-5.230976501612019547e+01,-3.663951204144504459e+01,-2.129541305536230311e+01,-1.074228766282936931e+01,-3.470585249596410904e+00,2.235327033638952798e+00,7.011306251396035805e+00,1.000099009140427597e+01,1.083445008901679785e+01,1.128075988243608663e+01,1.106487969793306547e+01,7.203209691986728558e+00,1.110513730752984429e+00,-5.668505489052790836e+00,-1.163287341764447547e+01,-1.727119158928144316e+01,-2.331315070481559815e+01,-2.675078391321710569e+01
-5.230928887030580654e+01,-3.663910363074830912e+01,-2.129505738335927845e+01,-1.074203914896816059e+01,-3.470479834308321188e+00,2.235228970016862604e+00,7.011094836179665890e+00,1.000076361700257621e+01,1.083423452112253926e+01,1.128055374318074655e+01,1.106466828925738355e+01,7.203006349222960125e+00,1.110451118328683151e+00,-5.668241593292862035e+00,-1.163245017656976188e+01,-1.727068795473121554e+01,-2.331258559876204117e+01,-2.675023874902501575e+01
